77
431985
418038
22679
394305
49455
292236
20301
192519
293761
392055
268032
264628
903
433021
147850
201930
153735
298771
162535
23871
39060
210925
294649
456490
3160
13695
23628
417378
350703
306143
434149
130305
241165
406
271876
158661
124050
8515
457879
317206
126253
183315
61411
166176
462241
422747
383048
30381
153461
85717
159895
476315
207987
287101
468028
359094
39060
214840
122581
43956
456545
356510
254541
10011
203261
264706
98346
49112
36315
210238
460853
3655
111458
8000
2080
55611
485408
