65
14
6 17
26
13 15
17
9 12
2
2 7
21
3 19
17
0 6
23
11 16
9
7 9
3
2 10
14
7 15
30
2 2
19
7 9
14
11 16
23
9 13
22
4 19
8
4 18
6
10 13
17
0 11
27
2 13
21
1 16
16
4 5
28
5 16
17
9 13
18
4 15
13
5 14
28
4 14
4
7 10
19
16 18
9
3 4
12
14 19
13
0 16
19
12 19
17
6 14
30
10 15
15
7 18
22
2 17
28
12 12
27
0 1
27
1 5
30
4 19
11
9 11
8
11 17
22
9 15
8
7 16
18
6 13
6
3 6
30
4 8
22
9 12
4
10 19
19
8 15
11
9 16
24
5 18
27
1 11
6
8 19
15
1 8
21
0 13
15
4 4
5
7 16
4
7 11
26
16 19
23
11 17
29
7 15
25
1 18
26
9 17
16
13 18
