84021785
10354762
45059171
40739563
33953866
50314173
15987186
40413641
78340414
22931246
99076473
96811454
50907237
30363303
44532030
74869517
29067617
76514854
49725201
33152478
33690693
67616903
29669478
96215672
32409240
53614467
86091469
24396162
90385668
31014754
10804891
65677838
3522257
52758744
57370926
38054327
44182833
26129063
74802355
31915136
87700050
95065305
61499642
96987581
90474345
42090985
31870430
88978518
32786024
55536934
39634708
32158637
32858521
75650289
39583334
75343093
43093482
