1
2
3
4
5
6
7
8
9
288
1000
1681
9800
10000
57121
100000
332928
1000000
1940449
10000000
11111111
7208229
1780214
1855916
692607
6785203
5400117
1497576
5720976
284995
2278185
7460912
6384574
5017124
1561095
2719239
3018297
2662944
1181964
9623937
9871087
8777482
8592167
5677763
9952576
7998992
7997459
3886651
7017273
2232193
7056702
8212848
9704146
2104750
2495460
1774906
9159502
7745073
6227325
8599833
6155644
437113
5850845
4603216
7961293
516157
1038191
4255197
5578035
2128266
4926858
266472
6871068
